


MSFT, 358, 373, 376, 379, 380, 381, 387, 388, 389, 390, 394, 395, 406, 410, 413, 414, 415, 428, 440, 441
AMZN, 357, 361, 365, 367, 372, 378, 381, 385, 389, 390, 391, 410, 416, 417, 420, 428, 434, 439, 443, 446
NVDA, 355, 357, 358, 363, 366, 370, 373, 378, 379, 381, 383, 396, 402, 409, 412, 414, 423, 427, 431, 438







MSFT,355, 359, 361, 362, 364, 372, 376, 379, 383, 385, 394, 397, 412, 419, 421, 424, 428, 436, 437, 448
AMZN,354, 363, 376, 387, 389, 390, 393, 396, 397, 399, 401, 403, 407, 409, 414, 416, 421, 422, 425, 446
NVDA,358, 360, 362, 366, 368, 371, 373, 375, 385, 391, 394, 405, 411, 415, 422, 424, 426, 433, 440, 445